What is your seed? crypto means cryptography
Your encoded seed: 71828 88065 98792 14839 87182 88806 57482 18075 88999

00001: 71828 88065 98792 14839 87182 88806 57482 18075 88999   Encoded seed
00002: 86147 56135 21275 89006 68612 12039 87236 78868 90066   SLFM10
00003: 57965 34190 19967 93835 45794 90835 34618 86833 78955   AM10  More? 
00004: 51875 09108 53621 18992 63398 18870 79644 16057 40026   SLFM10
00005: 08730 33298 62588 01727 08082 08605 03252 92880 18971   AM10  More? 
00006: 74873 68189 97888 02846 55357 71106 81976 81850 33651   SLFM10
00007: 72503 91377 59366 03563 53339 79701 84128 73630 41522   AM10  More? 
00008: 04242 92638 19886 62666 71925 30509 93456 74997 53204   SLFM10
00009: 76745 83905 68142 65129 24254 09200 77574 47527 94726   AM10  More? 
00010: 14956 81631 16679 49120 74221 81279 63198 33319 31295   SLFM10
00011: 80691 64536 74711 04249 98475 80479 30662 70836 25911   AM10  More? 
00012: 70989 31182 14663 87212 38416 23628 97819 87402 98650   SLFM10
00013: 50570 95618 88374 81451 26881 03097 27471 57238 13561   AM10  More? 
00014: 79661 01295 96384 69133 96991 18629 51948 17655 27941   SLFM10
00015: 29131 96803 74658 40584 12772 11616 78319 64883 30402   AM10  More? 
00016: 48301 01324 53253 94932 77735 14050 26163 44241 04405   SLFM10
00017: 67432 97127 27801 34416 89407 25666 94472 08024 34807   AM10  More? 
00018: 75168 39995 81478 57473 47971 22538 19288 26772 87331   SLFM10
00019: 32590 26012 08279 81889 26378 47194 03650 24796 11138   AM10  More? 
00020: 28096 79967 18905 21803 43915 26165 72241 15749 28613   SLFM10
